(kicad_pcb (version 20171130) (host pcbnew "(5.1.8)-1")

  (general
    (thickness 1.6)
    (drawings 67)
    (tracks 224)
    (zones 0)
    (modules 53)
    (nets 30)
  )

  (page A4 portrait)
  (title_block
    (title "GROVE Isolated GPIO Interface (4 IN)")
    (date 2020-11-24)
    (rev 2)
    (comment 4 CC-BY-SA)
  )

  (layers
    (0 F.Cu signal)
    (31 B.Cu signal)
    (32 B.Adhes user hide)
    (33 F.Adhes user hide)
    (34 B.Paste user hide)
    (35 F.Paste user hide)
    (36 B.SilkS user)
    (37 F.SilkS user)
    (38 B.Mask user hide)
    (39 F.Mask user hide)
    (40 Dwgs.User user)
    (41 Cmts.User user hide)
    (42 Eco1.User user hide)
    (43 Eco2.User user hide)
    (44 Edge.Cuts user)
    (45 Margin user hide)
    (46 B.CrtYd user hide)
    (47 F.CrtYd user hide)
    (48 B.Fab user hide)
    (49 F.Fab user hide)
  )

  (setup
    (last_trace_width 0.2)
    (user_trace_width 0.2)
    (user_trace_width 0.4)
    (user_trace_width 0.6)
    (user_trace_width 0.8)
    (user_trace_width 1)
    (user_trace_width 1.2)
    (user_trace_width 1.6)
    (user_trace_width 2)
    (trace_clearance 0.2)
    (zone_clearance 0.508)
    (zone_45_only no)
    (trace_min 0.2)
    (via_size 0.5)
    (via_drill 0.3)
    (via_min_size 0.4)
    (via_min_drill 0.3)
    (user_via 0.9 0.5)
    (user_via 1.2 0.8)
    (user_via 1.4 0.9)
    (user_via 1.5 1)
    (uvia_size 0.3)
    (uvia_drill 0.1)
    (uvias_allowed no)
    (uvia_min_size 0.2)
    (uvia_min_drill 0.1)
    (edge_width 0.05)
    (segment_width 0.2)
    (pcb_text_width 0.3)
    (pcb_text_size 1.5 1.5)
    (mod_edge_width 0.12)
    (mod_text_size 1 1)
    (mod_text_width 0.15)
    (pad_size 1.524 1.524)
    (pad_drill 0.762)
    (pad_to_mask_clearance 0.2)
    (aux_axis_origin 74 151)
    (grid_origin 74 151)
    (visible_elements 7FFFFFFF)
    (pcbplotparams
      (layerselection 0x010fc_ffffffff)
      (usegerberextensions true)
      (usegerberattributes false)
      (usegerberadvancedattributes false)
      (creategerberjobfile false)
      (excludeedgelayer true)
      (linewidth 0.100000)
      (plotframeref false)
      (viasonmask false)
      (mode 1)
      (useauxorigin false)
      (hpglpennumber 1)
      (hpglpenspeed 20)
      (hpglpendiameter 15.000000)
      (psnegative false)
      (psa4output false)
      (plotreference true)
      (plotvalue true)
      (plotinvisibletext false)
      (padsonsilk false)
      (subtractmaskfromsilk false)
      (outputformat 1)
      (mirror false)
      (drillshape 0)
      (scaleselection 1)
      (outputdirectory "gerber"))
  )

  (net 0 "")
  (net 1 GND)
  (net 2 +24V)
  (net 3 GNDD)
  (net 4 "Net-(D1-Pad2)")
  (net 5 "Net-(D2-Pad2)")
  (net 6 "Net-(D3-Pad2)")
  (net 7 +3V3)
  (net 8 "Net-(D4-Pad2)")
  (net 9 "Net-(D5-Pad2)")
  (net 10 /+24V_)
  (net 11 /GNDD_)
  (net 12 "Net-(J1-Pad2)")
  (net 13 "Net-(J1-Pad1)")
  (net 14 "Net-(J2-Pad2)")
  (net 15 "Net-(J2-Pad1)")
  (net 16 /IN1)
  (net 17 /IN2)
  (net 18 /IN3)
  (net 19 /IN4)
  (net 20 "Net-(F1-Pad2)")
  (net 21 "Net-(R5-Pad1)")
  (net 22 "Net-(R10-Pad1)")
  (net 23 "Net-(R11-Pad1)")
  (net 24 "Net-(R12-Pad1)")
  (net 25 "Net-(R13-Pad2)")
  (net 26 "Net-(R14-Pad2)")
  (net 27 "Net-(R15-Pad2)")
  (net 28 "Net-(R16-Pad2)")
  (net 29 "Net-(D6-Pad2)")

  (net_class Default "これはデフォルトのネット クラスです。"
    (clearance 0.2)
    (trace_width 0.2)
    (via_dia 0.5)
    (via_drill 0.3)
    (uvia_dia 0.3)
    (uvia_drill 0.1)
    (add_net +3V3)
    (add_net /IN1)
    (add_net /IN2)
    (add_net /IN3)
    (add_net /IN4)
    (add_net GND)
    (add_net "Net-(D1-Pad2)")
    (add_net "Net-(D2-Pad2)")
    (add_net "Net-(D3-Pad2)")
    (add_net "Net-(D4-Pad2)")
    (add_net "Net-(D5-Pad2)")
    (add_net "Net-(D6-Pad2)")
    (add_net "Net-(J1-Pad1)")
    (add_net "Net-(J1-Pad2)")
    (add_net "Net-(J2-Pad1)")
    (add_net "Net-(J2-Pad2)")
    (add_net "Net-(R10-Pad1)")
    (add_net "Net-(R11-Pad1)")
    (add_net "Net-(R12-Pad1)")
    (add_net "Net-(R13-Pad2)")
    (add_net "Net-(R14-Pad2)")
    (add_net "Net-(R15-Pad2)")
    (add_net "Net-(R16-Pad2)")
    (add_net "Net-(R5-Pad1)")
  )

  (net_class Power ""
    (clearance 0.2)
    (trace_width 0.6)
    (via_dia 0.9)
    (via_drill 0.5)
    (uvia_dia 0.3)
    (uvia_drill 0.1)
    (add_net +24V)
    (add_net /+24V_)
    (add_net /GNDD_)
    (add_net GNDD)
    (add_net "Net-(F1-Pad2)")
  )

  (module Resistor_SMD:R_0603_1608Metric_Pad0.98x0.95mm_HandSolder (layer F.Cu) (tedit 5F68FEEE) (tstamp 5FBD67F2)
    (at 98.13 93.85 180)
    (descr "Resistor SMD 0603 (1608 Metric), square (rectangular) end terminal, IPC_7351 nominal with elongated pad for handsoldering. (Body size source: IPC-SM-782 page 72, https://www.pcb-3d.com/wordpress/wp-content/uploads/ipc-sm-782a_amendment_1_and_2.pdf), generated with kicad-footprint-generator")
    (tags "resistor handsolder")
    (path /5FC8213F)
    (attr smd)
    (fp_text reference R20 (at 0 -1.778) (layer F.SilkS)
      (effects (font (size 1 1) (thickness 0.15)))
    )
    (fp_text value 1k (at 0 1.43) (layer F.Fab)
      (effects (font (size 1 1) (thickness 0.15)))
    )
    (fp_line (start 1.65 0.73) (end -1.65 0.73) (layer F.CrtYd) (width 0.05))
    (fp_line (start 1.65 -0.73) (end 1.65 0.73) (layer F.CrtYd) (width 0.05))
    (fp_line (start -1.65 -0.73) (end 1.65 -0.73) (layer F.CrtYd) (width 0.05))
    (fp_line (start -1.65 0.73) (end -1.65 -0.73) (layer F.CrtYd) (width 0.05))
    (fp_line (start -0.254724 0.5225) (end 0.254724 0.5225) (layer F.SilkS) (width 0.12))
    (fp_line (start -0.254724 -0.5225) (end 0.254724 -0.5225) (layer F.SilkS) (width 0.12))
    (fp_line (start 0.8 0.4125) (end -0.8 0.4125) (layer F.Fab) (width 0.1))
    (fp_line (start 0.8 -0.4125) (end 0.8 0.4125) (layer F.Fab) (width 0.1))
    (fp_line (start -0.8 -0.4125) (end 0.8 -0.4125) (layer F.Fab) (width 0.1))
    (fp_line (start -0.8 0.4125) (end -0.8 -0.4125) (layer F.Fab) (width 0.1))
    (fp_text user %R (at 0 0) (layer F.Fab)
      (effects (font (size 0.4 0.4) (thickness 0.06)))
    )
    (pad 2 smd roundrect (at 0.9125 0 180) (size 0.975 0.95) (layers F.Cu F.Paste F.Mask) (roundrect_rratio 0.25)
      (net 9 "Net-(D5-Pad2)"))
    (pad 1 smd roundrect (at -0.9125 0 180) (size 0.975 0.95) (layers F.Cu F.Paste F.Mask) (roundrect_rratio 0.25)
      (net 7 +3V3))
    (model ${KISYS3DMOD}/Resistor_SMD.3dshapes/R_0603_1608Metric.wrl
      (at (xyz 0 0 0))
      (scale (xyz 1 1 1))
      (rotate (xyz 0 0 0))
    )
  )

  (module LED_SMD:LED_0603_1608Metric_Pad1.05x0.95mm_HandSolder (layer F.Cu) (tedit 5F68FEF1) (tstamp 5FBD6243)
    (at 94.32 93.85)
    (descr "LED SMD 0603 (1608 Metric), square (rectangular) end terminal, IPC_7351 nominal, (Body size source: http://www.tortai-tech.com/upload/download/2011102023233369053.pdf), generated with kicad-footprint-generator")
    (tags "LED handsolder")
    (path /5FC82139)
    (attr smd)
    (fp_text reference D5 (at 0 1.778) (layer F.SilkS)
      (effects (font (size 1 1) (thickness 0.15)))
    )
    (fp_text value LED (at 0 1.43) (layer F.Fab)
      (effects (font (size 1 1) (thickness 0.15)))
    )
    (fp_line (start 1.65 0.73) (end -1.65 0.73) (layer F.CrtYd) (width 0.05))
    (fp_line (start 1.65 -0.73) (end 1.65 0.73) (layer F.CrtYd) (width 0.05))
    (fp_line (start -1.65 -0.73) (end 1.65 -0.73) (layer F.CrtYd) (width 0.05))
    (fp_line (start -1.65 0.73) (end -1.65 -0.73) (layer F.CrtYd) (width 0.05))
    (fp_line (start -1.66 0.735) (end 0.8 0.735) (layer F.SilkS) (width 0.12))
    (fp_line (start -1.66 -0.735) (end -1.66 0.735) (layer F.SilkS) (width 0.12))
    (fp_line (start 0.8 -0.735) (end -1.66 -0.735) (layer F.SilkS) (width 0.12))
    (fp_line (start 0.8 0.4) (end 0.8 -0.4) (layer F.Fab) (width 0.1))
    (fp_line (start -0.8 0.4) (end 0.8 0.4) (layer F.Fab) (width 0.1))
    (fp_line (start -0.8 -0.1) (end -0.8 0.4) (layer F.Fab) (width 0.1))
    (fp_line (start -0.5 -0.4) (end -0.8 -0.1) (layer F.Fab) (width 0.1))
    (fp_line (start 0.8 -0.4) (end -0.5 -0.4) (layer F.Fab) (width 0.1))
    (fp_text user %R (at 0 0) (layer F.Fab)
      (effects (font (size 0.4 0.4) (thickness 0.06)))
    )
    (pad 2 smd roundrect (at 0.875 0) (size 1.05 0.95) (layers F.Cu F.Paste F.Mask) (roundrect_rratio 0.25)
      (net 9 "Net-(D5-Pad2)"))
    (pad 1 smd roundrect (at -0.875 0) (size 1.05 0.95) (layers F.Cu F.Paste F.Mask) (roundrect_rratio 0.25)
      (net 1 GND))
    (model ${KISYS3DMOD}/LED_SMD.3dshapes/LED_0603_1608Metric.wrl
      (at (xyz 0 0 0))
      (scale (xyz 1 1 1))
      (rotate (xyz 0 0 0))
    )
  )

  (module MountingHole:MountingHole_3mm (layer F.Cu) (tedit 56D1B4CB) (tstamp 5FBD276D)
    (at 114 141)
    (descr "Mounting Hole 3mm, no annular")
    (tags "mounting hole 3mm no annular")
    (path /5FCC7C7A)
    (attr virtual)
    (fp_text reference MH12 (at 0 -4) (layer F.SilkS) hide
      (effects (font (size 1 1) (thickness 0.15)))
    )
    (fp_text value MountingHole (at 0 4) (layer F.Fab)
      (effects (font (size 1 1) (thickness 0.15)))
    )
    (fp_circle (center 0 0) (end 3 0) (layer Cmts.User) (width 0.15))
    (fp_circle (center 0 0) (end 3.25 0) (layer F.CrtYd) (width 0.05))
    (fp_text user %R (at 0.3 0) (layer F.Fab)
      (effects (font (size 1 1) (thickness 0.15)))
    )
    (pad 1 np_thru_hole circle (at 0 0) (size 3 3) (drill 3) (layers *.Cu *.Mask))
  )

  (module MountingHole:MountingHole_3mm (layer F.Cu) (tedit 56D1B4CB) (tstamp 5FBD2765)
    (at 84 151)
    (descr "Mounting Hole 3mm, no annular")
    (tags "mounting hole 3mm no annular")
    (path /5FCC7C74)
    (attr virtual)
    (fp_text reference MH11 (at 0 -4) (layer F.SilkS) hide
      (effects (font (size 1 1) (thickness 0.15)))
    )
    (fp_text value MountingHole (at 0 4) (layer F.Fab)
      (effects (font (size 1 1) (thickness 0.15)))
    )
    (fp_circle (center 0 0) (end 3 0) (layer Cmts.User) (width 0.15))
    (fp_circle (center 0 0) (end 3.25 0) (layer F.CrtYd) (width 0.05))
    (fp_text user %R (at 0.3 0) (layer F.Fab)
      (effects (font (size 1 1) (thickness 0.15)))
    )
    (pad 1 np_thru_hole circle (at 0 0) (size 3 3) (drill 3) (layers *.Cu *.Mask))
  )

  (module MountingHole:MountingHole_3mm (layer F.Cu) (tedit 56D1B4CB) (tstamp 5FBD275D)
    (at 74 121)
    (descr "Mounting Hole 3mm, no annular")
    (tags "mounting hole 3mm no annular")
    (path /5FCC7C6E)
    (attr virtual)
    (fp_text reference MH10 (at 0 -4) (layer F.SilkS) hide
      (effects (font (size 1 1) (thickness 0.15)))
    )
    (fp_text value MountingHole (at 0 4) (layer F.Fab)
      (effects (font (size 1 1) (thickness 0.15)))
    )
    (fp_circle (center 0 0) (end 3 0) (layer Cmts.User) (width 0.15))
    (fp_circle (center 0 0) (end 3.25 0) (layer F.CrtYd) (width 0.05))
    (fp_text user %R (at 0.3 0) (layer F.Fab)
      (effects (font (size 1 1) (thickness 0.15)))
    )
    (pad 1 np_thru_hole circle (at 0 0) (size 3 3) (drill 3) (layers *.Cu *.Mask))
  )

  (module MountingHole:MountingHole_3mm (layer F.Cu) (tedit 56D1B4CB) (tstamp 5FBD2755)
    (at 84 91)
    (descr "Mounting Hole 3mm, no annular")
    (tags "mounting hole 3mm no annular")
    (path /5FCC7C68)
    (attr virtual)
    (fp_text reference MH9 (at 0 -4) (layer F.SilkS) hide
      (effects (font (size 1 1) (thickness 0.15)))
    )
    (fp_text value MountingHole (at 0 4) (layer F.Fab)
      (effects (font (size 1 1) (thickness 0.15)))
    )
    (fp_circle (center 0 0) (end 3 0) (layer Cmts.User) (width 0.15))
    (fp_circle (center 0 0) (end 3.25 0) (layer F.CrtYd) (width 0.05))
    (fp_text user %R (at 0.3 0) (layer F.Fab)
      (effects (font (size 1 1) (thickness 0.15)))
    )
    (pad 1 np_thru_hole circle (at 0 0) (size 3 3) (drill 3) (layers *.Cu *.Mask))
  )

  (module MountingHole:MountingHole_3mm (layer F.Cu) (tedit 56D1B4CB) (tstamp 5FBD274D)
    (at 114 101)
    (descr "Mounting Hole 3mm, no annular")
    (tags "mounting hole 3mm no annular")
    (path /5FCC7C62)
    (attr virtual)
    (fp_text reference MH8 (at 0 -4) (layer F.SilkS) hide
      (effects (font (size 1 1) (thickness 0.15)))
    )
    (fp_text value MountingHole (at 0 4) (layer F.Fab)
      (effects (font (size 1 1) (thickness 0.15)))
    )
    (fp_circle (center 0 0) (end 3 0) (layer Cmts.User) (width 0.15))
    (fp_circle (center 0 0) (end 3.25 0) (layer F.CrtYd) (width 0.05))
    (fp_text user %R (at 0.3 0) (layer F.Fab)
      (effects (font (size 1 1) (thickness 0.15)))
    )
    (pad 1 np_thru_hole circle (at 0 0) (size 3 3) (drill 3) (layers *.Cu *.Mask))
  )

  (module Resistor_SMD:R_0603_1608Metric_Pad0.98x0.95mm_HandSolder (layer B.Cu) (tedit 5F68FEEE) (tstamp 5FBD0787)
    (at 104.48 123.06 180)
    (descr "Resistor SMD 0603 (1608 Metric), square (rectangular) end terminal, IPC_7351 nominal with elongated pad for handsoldering. (Body size source: IPC-SM-782 page 72, https://www.pcb-3d.com/wordpress/wp-content/uploads/ipc-sm-782a_amendment_1_and_2.pdf), generated with kicad-footprint-generator")
    (tags "resistor handsolder")
    (path /5FBCDC9E)
    (attr smd)
    (fp_text reference R4 (at 2.54 0) (layer B.SilkS)
      (effects (font (size 1 1) (thickness 0.15)) (justify mirror))
    )
    (fp_text value 10k (at 0 -1.43) (layer B.Fab)
      (effects (font (size 1 1) (thickness 0.15)) (justify mirror))
    )
    (fp_line (start -0.8 -0.4125) (end -0.8 0.4125) (layer B.Fab) (width 0.1))
    (fp_line (start -0.8 0.4125) (end 0.8 0.4125) (layer B.Fab) (width 0.1))
    (fp_line (start 0.8 0.4125) (end 0.8 -0.4125) (layer B.Fab) (width 0.1))
    (fp_line (start 0.8 -0.4125) (end -0.8 -0.4125) (layer B.Fab) (width 0.1))
    (fp_line (start -0.254724 0.5225) (end 0.254724 0.5225) (layer B.SilkS) (width 0.12))
    (fp_line (start -0.254724 -0.5225) (end 0.254724 -0.5225) (layer B.SilkS) (width 0.12))
    (fp_line (start -1.65 -0.73) (end -1.65 0.73) (layer B.CrtYd) (width 0.05))
    (fp_line (start -1.65 0.73) (end 1.65 0.73) (layer B.CrtYd) (width 0.05))
    (fp_line (start 1.65 0.73) (end 1.65 -0.73) (layer B.CrtYd) (width 0.05))
    (fp_line (start 1.65 -0.73) (end -1.65 -0.73) (layer B.CrtYd) (width 0.05))
    (fp_text user %R (at 0 0) (layer B.Fab)
      (effects (font (size 0.4 0.4) (thickness 0.06)) (justify mirror))
    )
    (pad 2 smd roundrect (at 0.9125 0 180) (size 0.975 0.95) (layers B.Cu B.Paste B.Mask) (roundrect_rratio 0.25)
      (net 1 GND))
    (pad 1 smd roundrect (at -0.9125 0 180) (size 0.975 0.95) (layers B.Cu B.Paste B.Mask) (roundrect_rratio 0.25)
      (net 14 "Net-(J2-Pad2)"))
    (model ${KISYS3DMOD}/Resistor_SMD.3dshapes/R_0603_1608Metric.wrl
      (at (xyz 0 0 0))
      (scale (xyz 1 1 1))
      (rotate (xyz 0 0 0))
    )
  )

  (module Resistor_SMD:R_0603_1608Metric_Pad0.98x0.95mm_HandSolder (layer B.Cu) (tedit 5F68FEEE) (tstamp 5FBD0776)
    (at 104.48 120.52 180)
    (descr "Resistor SMD 0603 (1608 Metric), square (rectangular) end terminal, IPC_7351 nominal with elongated pad for handsoldering. (Body size source: IPC-SM-782 page 72, https://www.pcb-3d.com/wordpress/wp-content/uploads/ipc-sm-782a_amendment_1_and_2.pdf), generated with kicad-footprint-generator")
    (tags "resistor handsolder")
    (path /5FBDA594)
    (attr smd)
    (fp_text reference R3 (at 0 1.43) (layer B.SilkS)
      (effects (font (size 1 1) (thickness 0.15)) (justify mirror))
    )
    (fp_text value 10k (at 0 -1.43) (layer B.Fab)
      (effects (font (size 1 1) (thickness 0.15)) (justify mirror))
    )
    (fp_line (start -0.8 -0.4125) (end -0.8 0.4125) (layer B.Fab) (width 0.1))
    (fp_line (start -0.8 0.4125) (end 0.8 0.4125) (layer B.Fab) (width 0.1))
    (fp_line (start 0.8 0.4125) (end 0.8 -0.4125) (layer B.Fab) (width 0.1))
    (fp_line (start 0.8 -0.4125) (end -0.8 -0.4125) (layer B.Fab) (width 0.1))
    (fp_line (start -0.254724 0.5225) (end 0.254724 0.5225) (layer B.SilkS) (width 0.12))
    (fp_line (start -0.254724 -0.5225) (end 0.254724 -0.5225) (layer B.SilkS) (width 0.12))
    (fp_line (start -1.65 -0.73) (end -1.65 0.73) (layer B.CrtYd) (width 0.05))
    (fp_line (start -1.65 0.73) (end 1.65 0.73) (layer B.CrtYd) (width 0.05))
    (fp_line (start 1.65 0.73) (end 1.65 -0.73) (layer B.CrtYd) (width 0.05))
    (fp_line (start 1.65 -0.73) (end -1.65 -0.73) (layer B.CrtYd) (width 0.05))
    (fp_text user %R (at 0 0) (layer B.Fab)
      (effects (font (size 0.4 0.4) (thickness 0.06)) (justify mirror))
    )
    (pad 2 smd roundrect (at 0.9125 0 180) (size 0.975 0.95) (layers B.Cu B.Paste B.Mask) (roundrect_rratio 0.25)
      (net 1 GND))
    (pad 1 smd roundrect (at -0.9125 0 180) (size 0.975 0.95) (layers B.Cu B.Paste B.Mask) (roundrect_rratio 0.25)
      (net 15 "Net-(J2-Pad1)"))
    (model ${KISYS3DMOD}/Resistor_SMD.3dshapes/R_0603_1608Metric.wrl
      (at (xyz 0 0 0))
      (scale (xyz 1 1 1))
      (rotate (xyz 0 0 0))
    )
  )

  (module Resistor_SMD:R_0603_1608Metric_Pad0.98x0.95mm_HandSolder (layer B.Cu) (tedit 5F68FEEE) (tstamp 5FBD0765)
    (at 104.48 98.93 180)
    (descr "Resistor SMD 0603 (1608 Metric), square (rectangular) end terminal, IPC_7351 nominal with elongated pad for handsoldering. (Body size source: IPC-SM-782 page 72, https://www.pcb-3d.com/wordpress/wp-content/uploads/ipc-sm-782a_amendment_1_and_2.pdf), generated with kicad-footprint-generator")
    (tags "resistor handsolder")
    (path /5FBDDE93)
    (attr smd)
    (fp_text reference R2 (at 2.54 0) (layer B.SilkS)
      (effects (font (size 1 1) (thickness 0.15)) (justify mirror))
    )
    (fp_text value 10k (at 0 -1.43) (layer B.Fab)
      (effects (font (size 1 1) (thickness 0.15)) (justify mirror))
    )
    (fp_line (start -0.8 -0.4125) (end -0.8 0.4125) (layer B.Fab) (width 0.1))
    (fp_line (start -0.8 0.4125) (end 0.8 0.4125) (layer B.Fab) (width 0.1))
    (fp_line (start 0.8 0.4125) (end 0.8 -0.4125) (layer B.Fab) (width 0.1))
    (fp_line (start 0.8 -0.4125) (end -0.8 -0.4125) (layer B.Fab) (width 0.1))
    (fp_line (start -0.254724 0.5225) (end 0.254724 0.5225) (layer B.SilkS) (width 0.12))
    (fp_line (start -0.254724 -0.5225) (end 0.254724 -0.5225) (layer B.SilkS) (width 0.12))
    (fp_line (start -1.65 -0.73) (end -1.65 0.73) (layer B.CrtYd) (width 0.05))
    (fp_line (start -1.65 0.73) (end 1.65 0.73) (layer B.CrtYd) (width 0.05))
    (fp_line (start 1.65 0.73) (end 1.65 -0.73) (layer B.CrtYd) (width 0.05))
    (fp_line (start 1.65 -0.73) (end -1.65 -0.73) (layer B.CrtYd) (width 0.05))
    (fp_text user %R (at 0 0) (layer B.Fab)
      (effects (font (size 0.4 0.4) (thickness 0.06)) (justify mirror))
    )
    (pad 2 smd roundrect (at 0.9125 0 180) (size 0.975 0.95) (layers B.Cu B.Paste B.Mask) (roundrect_rratio 0.25)
      (net 1 GND))
    (pad 1 smd roundrect (at -0.9125 0 180) (size 0.975 0.95) (layers B.Cu B.Paste B.Mask) (roundrect_rratio 0.25)
      (net 12 "Net-(J1-Pad2)"))
    (model ${KISYS3DMOD}/Resistor_SMD.3dshapes/R_0603_1608Metric.wrl
      (at (xyz 0 0 0))
      (scale (xyz 1 1 1))
      (rotate (xyz 0 0 0))
    )
  )

  (module Resistor_SMD:R_0603_1608Metric_Pad0.98x0.95mm_HandSolder (layer B.Cu) (tedit 5F68FEEE) (tstamp 5FBD0754)
    (at 104.48 96.39 180)
    (descr "Resistor SMD 0603 (1608 Metric), square (rectangular) end terminal, IPC_7351 nominal with elongated pad for handsoldering. (Body size source: IPC-SM-782 page 72, https://www.pcb-3d.com/wordpress/wp-content/uploads/ipc-sm-782a_amendment_1_and_2.pdf), generated with kicad-footprint-generator")
    (tags "resistor handsolder")
    (path /5FBE9DE0)
    (attr smd)
    (fp_text reference R1 (at 2.54 0) (layer B.SilkS)
      (effects (font (size 1 1) (thickness 0.15)) (justify mirror))
    )
    (fp_text value 10k (at 0 -1.43) (layer B.Fab)
      (effects (font (size 1 1) (thickness 0.15)) (justify mirror))
    )
    (fp_line (start -0.8 -0.4125) (end -0.8 0.4125) (layer B.Fab) (width 0.1))
    (fp_line (start -0.8 0.4125) (end 0.8 0.4125) (layer B.Fab) (width 0.1))
    (fp_line (start 0.8 0.4125) (end 0.8 -0.4125) (layer B.Fab) (width 0.1))
    (fp_line (start 0.8 -0.4125) (end -0.8 -0.4125) (layer B.Fab) (width 0.1))
    (fp_line (start -0.254724 0.5225) (end 0.254724 0.5225) (layer B.SilkS) (width 0.12))
    (fp_line (start -0.254724 -0.5225) (end 0.254724 -0.5225) (layer B.SilkS) (width 0.12))
    (fp_line (start -1.65 -0.73) (end -1.65 0.73) (layer B.CrtYd) (width 0.05))
    (fp_line (start -1.65 0.73) (end 1.65 0.73) (layer B.CrtYd) (width 0.05))
    (fp_line (start 1.65 0.73) (end 1.65 -0.73) (layer B.CrtYd) (width 0.05))
    (fp_line (start 1.65 -0.73) (end -1.65 -0.73) (layer B.CrtYd) (width 0.05))
    (fp_text user %R (at 0 0) (layer B.Fab)
      (effects (font (size 0.4 0.4) (thickness 0.06)) (justify mirror))
    )
    (pad 2 smd roundrect (at 0.9125 0 180) (size 0.975 0.95) (layers B.Cu B.Paste B.Mask) (roundrect_rratio 0.25)
      (net 1 GND))
    (pad 1 smd roundrect (at -0.9125 0 180) (size 0.975 0.95) (layers B.Cu B.Paste B.Mask) (roundrect_rratio 0.25)
      (net 13 "Net-(J1-Pad1)"))
    (model ${KISYS3DMOD}/Resistor_SMD.3dshapes/R_0603_1608Metric.wrl
      (at (xyz 0 0 0))
      (scale (xyz 1 1 1))
      (rotate (xyz 0 0 0))
    )
  )

  (module Capacitor_THT:C_Disc_D4.3mm_W1.9mm_P5.00mm (layer F.Cu) (tedit 5AE50EF0) (tstamp 5FBD0485)
    (at 86.7 134.49 180)
    (descr "C, Disc series, Radial, pin pitch=5.00mm, , diameter*width=4.3*1.9mm^2, Capacitor, http://www.vishay.com/docs/45233/krseries.pdf")
    (tags "C Disc series Radial pin pitch 5.00mm  diameter 4.3mm width 1.9mm Capacitor")
    (path /5FC3D3E5)
    (fp_text reference F1 (at -2.54 0) (layer F.SilkS)
      (effects (font (size 1 1) (thickness 0.15)))
    )
    (fp_text value 0.5A (at 2.5 2.2) (layer F.Fab)
      (effects (font (size 1 1) (thickness 0.15)))
    )
    (fp_line (start 0.35 -0.95) (end 0.35 0.95) (layer F.Fab) (width 0.1))
    (fp_line (start 0.35 0.95) (end 4.65 0.95) (layer F.Fab) (width 0.1))
    (fp_line (start 4.65 0.95) (end 4.65 -0.95) (layer F.Fab) (width 0.1))
    (fp_line (start 4.65 -0.95) (end 0.35 -0.95) (layer F.Fab) (width 0.1))
    (fp_line (start 0.23 -1.07) (end 4.77 -1.07) (layer F.SilkS) (width 0.12))
    (fp_line (start 0.23 1.07) (end 4.77 1.07) (layer F.SilkS) (width 0.12))
    (fp_line (start 0.23 -1.07) (end 0.23 -1.055) (layer F.SilkS) (width 0.12))
    (fp_line (start 0.23 1.055) (end 0.23 1.07) (layer F.SilkS) (width 0.12))
    (fp_line (start 4.77 -1.07) (end 4.77 -1.055) (layer F.SilkS) (width 0.12))
    (fp_line (start 4.77 1.055) (end 4.77 1.07) (layer F.SilkS) (width 0.12))
    (fp_line (start -1.05 -1.2) (end -1.05 1.2) (layer F.CrtYd) (width 0.05))
    (fp_line (start -1.05 1.2) (end 6.05 1.2) (layer F.CrtYd) (width 0.05))
    (fp_line (start 6.05 1.2) (end 6.05 -1.2) (layer F.CrtYd) (width 0.05))
    (fp_line (start 6.05 -1.2) (end -1.05 -1.2) (layer F.CrtYd) (width 0.05))
    (fp_text user %R (at 2.5 0) (layer F.Fab)
      (effects (font (size 0.86 0.86) (thickness 0.129)))
    )
    (pad 2 thru_hole circle (at 5 0 180) (size 1.6 1.6) (drill 0.8) (layers *.Cu *.Mask)
      (net 20 "Net-(F1-Pad2)"))
    (pad 1 thru_hole circle (at 0 0 180) (size 1.6 1.6) (drill 0.8) (layers *.Cu *.Mask)
      (net 2 +24V))
    (model ${KISYS3DMOD}/Capacitor_THT.3dshapes/C_Disc_D4.3mm_W1.9mm_P5.00mm.wrl
      (at (xyz 0 0 0))
      (scale (xyz 1 1 1))
      (rotate (xyz 0 0 0))
    )
  )

  (module MountingHole:MountingHole_3mm (layer F.Cu) (tedit 56D1B4CB) (tstamp 5F7F2F9E)
    (at 74 141)
    (descr "Mounting Hole 3mm, no annular")
    (tags "mounting hole 3mm no annular")
    (path /5FA2F4EE)
    (attr virtual)
    (fp_text reference MH5 (at -1.905 -3.335) (layer F.SilkS) hide
      (effects (font (size 1 1) (thickness 0.15)))
    )
    (fp_text value MountingHole (at 0 4) (layer F.Fab)
      (effects (font (size 1 1) (thickness 0.15)))
    )
    (fp_circle (center 0 0) (end 3 0) (layer Cmts.User) (width 0.15))
    (fp_circle (center 0 0) (end 3.25 0) (layer F.CrtYd) (width 0.05))
    (fp_text user %R (at 0.3 0) (layer F.Fab)
      (effects (font (size 1 1) (thickness 0.15)))
    )
    (pad 1 np_thru_hole circle (at 0 0) (size 3 3) (drill 3) (layers *.Cu *.Mask))
  )

  (module MountingHole:MountingHole_3mm (layer F.Cu) (tedit 56D1B4CB) (tstamp 5F7F0B60)
    (at 104 151 180)
    (descr "Mounting Hole 3mm, no annular")
    (tags "mounting hole 3mm no annular")
    (path /5D9FE49D)
    (attr virtual)
    (fp_text reference MH4 (at -4.925 -1.27) (layer F.SilkS) hide
      (effects (font (size 1 1) (thickness 0.15)))
    )
    (fp_text value MountingHole (at 0 4) (layer F.Fab)
      (effects (font (size 1 1) (thickness 0.15)))
    )
    (fp_circle (center 0 0) (end 3 0) (layer Cmts.User) (width 0.15))
    (fp_circle (center 0 0) (end 3.25 0) (layer F.CrtYd) (width 0.05))
    (fp_text user %R (at 0.3 0) (layer F.Fab)
      (effects (font (size 1 1) (thickness 0.15)))
    )
    (pad 1 np_thru_hole circle (at 0 0 180) (size 3 3) (drill 3) (layers *.Cu *.Mask))
  )

  (module MountingHole:MountingHole_3mm (layer F.Cu) (tedit 56D1B4CB) (tstamp 5F7F0B67)
    (at 104 91 180)
    (descr "Mounting Hole 3mm, no annular")
    (tags "mounting hole 3mm no annular")
    (path /5BBF1696)
    (attr virtual)
    (fp_text reference MH3 (at -4.29 1.595) (layer F.SilkS) hide
      (effects (font (size 1 1) (thickness 0.15)))
    )
    (fp_text value MountingHole (at 0 4) (layer F.Fab)
      (effects (font (size 1 1) (thickness 0.15)))
    )
    (fp_circle (center 0 0) (end 3 0) (layer Cmts.User) (width 0.15))
    (fp_circle (center 0 0) (end 3.25 0) (layer F.CrtYd) (width 0.05))
    (fp_text user %R (at 0.3 0) (layer F.Fab)
      (effects (font (size 1 1) (thickness 0.15)))
    )
    (pad 1 np_thru_hole circle (at 0 0 180) (size 3 3) (drill 3) (layers *.Cu *.Mask))
  )

  (module MountingHole:MountingHole_3mm (layer F.Cu) (tedit 56D1B4CB) (tstamp 5F7F0B6E)
    (at 74 101 180)
    (descr "Mounting Hole 3mm, no annular")
    (tags "mounting hole 3mm no annular")
    (path /5BBF15EC)
    (attr virtual)
    (fp_text reference MH2 (at 1.905 -3.645) (layer F.SilkS) hide
      (effects (font (size 1 1) (thickness 0.15)))
    )
    (fp_text value MountingHole (at 0 4) (layer F.Fab)
      (effects (font (size 1 1) (thickness 0.15)))
    )
    (fp_circle (center 0 0) (end 3 0) (layer Cmts.User) (width 0.15))
    (fp_circle (center 0 0) (end 3.25 0) (layer F.CrtYd) (width 0.05))
    (fp_text user %R (at 0.3 0) (layer F.Fab)
      (effects (font (size 1 1) (thickness 0.15)))
    )
    (pad 1 np_thru_hole circle (at 0 0 180) (size 3 3) (drill 3) (layers *.Cu *.Mask))
  )

  (module MountingHole:MountingHole_3mm (layer F.Cu) (tedit 56D1B4CB) (tstamp 5F7F0B75)
    (at 114 121 180)
    (descr "Mounting Hole 3mm, no annular")
    (tags "mounting hole 3mm no annular")
    (path /5BBF147C)
    (attr virtual)
    (fp_text reference MH1 (at -1.91 -3.33) (layer F.SilkS) hide
      (effects (font (size 1 1) (thickness 0.15)))
    )
    (fp_text value MountingHole (at 0 4) (layer F.Fab)
      (effects (font (size 1 1) (thickness 0.15)))
    )
    (fp_circle (center 0 0) (end 3 0) (layer Cmts.User) (width 0.15))
    (fp_circle (center 0 0) (end 3.25 0) (layer F.CrtYd) (width 0.05))
    (fp_text user %R (at 0.3 0) (layer F.Fab)
      (effects (font (size 1 1) (thickness 0.15)))
    )
    (pad 1 np_thru_hole circle (at 0 0 180) (size 3 3) (drill 3) (layers *.Cu *.Mask))
  )

  (module Package_DIP:DIP-4_W7.62mm (layer F.Cu) (tedit 5A02E8C5) (tstamp 5F802B70)
    (at 86.84 125.6 180)
    (descr "4-lead though-hole mounted DIP package, row spacing 7.62 mm (300 mils)")
    (tags "THT DIP DIL PDIP 2.54mm 7.62mm 300mil")
    (path /5F81EF60)
    (fp_text reference U4 (at -1.13 5.08) (layer F.SilkS)
      (effects (font (size 1 1) (thickness 0.15)))
    )
    (fp_text value FOD814A300W (at 3.81 4.87) (layer F.Fab)
      (effects (font (size 1 1) (thickness 0.15)))
    )
    (fp_line (start 8.7 -1.55) (end -1.1 -1.55) (layer F.CrtYd) (width 0.05))
    (fp_line (start 8.7 4.1) (end 8.7 -1.55) (layer F.CrtYd) (width 0.05))
    (fp_line (start -1.1 4.1) (end 8.7 4.1) (layer F.CrtYd) (width 0.05))
    (fp_line (start -1.1 -1.55) (end -1.1 4.1) (layer F.CrtYd) (width 0.05))
    (fp_line (start 6.46 -1.33) (end 4.81 -1.33) (layer F.SilkS) (width 0.12))
    (fp_line (start 6.46 3.87) (end 6.46 -1.33) (layer F.SilkS) (width 0.12))
    (fp_line (start 1.16 3.87) (end 6.46 3.87) (layer F.SilkS) (width 0.12))
    (fp_line (start 1.16 -1.33) (end 1.16 3.87) (layer F.SilkS) (width 0.12))
    (fp_line (start 2.81 -1.33) (end 1.16 -1.33) (layer F.SilkS) (width 0.12))
    (fp_line (start 0.635 -0.27) (end 1.635 -1.27) (layer F.Fab) (width 0.1))
    (fp_line (start 0.635 3.81) (end 0.635 -0.27) (layer F.Fab) (width 0.1))
    (fp_line (start 6.985 3.81) (end 0.635 3.81) (layer F.Fab) (width 0.1))
    (fp_line (start 6.985 -1.27) (end 6.985 3.81) (layer F.Fab) (width 0.1))
    (fp_line (start 1.635 -1.27) (end 6.985 -1.27) (layer F.Fab) (width 0.1))
    (fp_text user %R (at 3.81 1.27) (layer F.Fab)
      (effects (font (size 1 1) (thickness 0.15)))
    )
    (fp_arc (start 3.81 -1.33) (end 2.81 -1.33) (angle -180) (layer F.SilkS) (width 0.12))
    (pad 4 thru_hole oval (at 7.62 0 180) (size 1.6 1.6) (drill 0.8) (layers *.Cu *.Mask)
      (net 7 +3V3))
    (pad 2 thru_hole oval (at 0 2.54 180) (size 1.6 1.6) (drill 0.8) (layers *.Cu *.Mask)
      (net 28 "Net-(R16-Pad2)"))
    (pad 3 thru_hole oval (at 7.62 2.54 180) (size 1.6 1.6) (drill 0.8) (layers *.Cu *.Mask)
      (net 24 "Net-(R12-Pad1)"))
    (pad 1 thru_hole rect (at 0 0 180) (size 1.6 1.6) (drill 0.8) (layers *.Cu *.Mask)
      (net 10 /+24V_))
    (model ${KISYS3DMOD}/Package_DIP.3dshapes/DIP-4_W7.62mm.wrl
      (at (xyz 0 0 0))
      (scale (xyz 1 1 1))
      (rotate (xyz 0 0 0))
    )
  )

  (module Package_DIP:DIP-4_W7.62mm (layer F.Cu) (tedit 5A02E8C5) (tstamp 5F802B58)
    (at 86.84 130.68 180)
    (descr "4-lead though-hole mounted DIP package, row spacing 7.62 mm (300 mils)")
    (tags "THT DIP DIL PDIP 2.54mm 7.62mm 300mil")
    (path /5F81C994)
    (fp_text reference U3 (at -2.4 -1.27) (layer F.SilkS)
      (effects (font (size 1 1) (thickness 0.15)))
    )
    (fp_text value FOD814A300W (at 3.81 4.87) (layer F.Fab)
      (effects (font (size 1 1) (thickness 0.15)))
    )
    (fp_line (start 8.7 -1.55) (end -1.1 -1.55) (layer F.CrtYd) (width 0.05))
    (fp_line (start 8.7 4.1) (end 8.7 -1.55) (layer F.CrtYd) (width 0.05))
    (fp_line (start -1.1 4.1) (end 8.7 4.1) (layer F.CrtYd) (width 0.05))
    (fp_line (start -1.1 -1.55) (end -1.1 4.1) (layer F.CrtYd) (width 0.05))
    (fp_line (start 6.46 -1.33) (end 4.81 -1.33) (layer F.SilkS) (width 0.12))
    (fp_line (start 6.46 3.87) (end 6.46 -1.33) (layer F.SilkS) (width 0.12))
    (fp_line (start 1.16 3.87) (end 6.46 3.87) (layer F.SilkS) (width 0.12))
    (fp_line (start 1.16 -1.33) (end 1.16 3.87) (layer F.SilkS) (width 0.12))
    (fp_line (start 2.81 -1.33) (end 1.16 -1.33) (layer F.SilkS) (width 0.12))
    (fp_line (start 0.635 -0.27) (end 1.635 -1.27) (layer F.Fab) (width 0.1))
    (fp_line (start 0.635 3.81) (end 0.635 -0.27) (layer F.Fab) (width 0.1))
    (fp_line (start 6.985 3.81) (end 0.635 3.81) (layer F.Fab) (width 0.1))
    (fp_line (start 6.985 -1.27) (end 6.985 3.81) (layer F.Fab) (width 0.1))
    (fp_line (start 1.635 -1.27) (end 6.985 -1.27) (layer F.Fab) (width 0.1))
    (fp_text user %R (at 3.81 1.27) (layer F.Fab)
      (effects (font (size 1 1) (thickness 0.15)))
    )
    (fp_arc (start 3.81 -1.33) (end 2.81 -1.33) (angle -180) (layer F.SilkS) (width 0.12))
    (pad 4 thru_hole oval (at 7.62 0 180) (size 1.6 1.6) (drill 0.8) (layers *.Cu *.Mask)
      (net 7 +3V3))
    (pad 2 thru_hole oval (at 0 2.54 180) (size 1.6 1.6) (drill 0.8) (layers *.Cu *.Mask)
      (net 27 "Net-(R15-Pad2)"))
    (pad 3 thru_hole oval (at 7.62 2.54 180) (size 1.6 1.6) (drill 0.8) (layers *.Cu *.Mask)
      (net 23 "Net-(R11-Pad1)"))
    (pad 1 thru_hole rect (at 0 0 180) (size 1.6 1.6) (drill 0.8) (layers *.Cu *.Mask)
      (net 10 /+24V_))
    (model ${KISYS3DMOD}/Package_DIP.3dshapes/DIP-4_W7.62mm.wrl
      (at (xyz 0 0 0))
      (scale (xyz 1 1 1))
      (rotate (xyz 0 0 0))
    )
  )

  (module Package_DIP:DIP-4_W7.62mm (layer F.Cu) (tedit 5A02E8C5) (tstamp 5F802B40)
    (at 86.7 102.74 180)
    (descr "4-lead though-hole mounted DIP package, row spacing 7.62 mm (300 mils)")
    (tags "THT DIP DIL PDIP 2.54mm 7.62mm 300mil")
    (path /5F81A453)
    (fp_text reference U2 (at -1.27 5.08) (layer F.SilkS)
      (effects (font (size 1 1) (thickness 0.15)))
    )
    (fp_text value FOD814A300W (at 3.81 4.87) (layer F.Fab)
      (effects (font (size 1 1) (thickness 0.15)))
    )
    (fp_line (start 8.7 -1.55) (end -1.1 -1.55) (layer F.CrtYd) (width 0.05))
    (fp_line (start 8.7 4.1) (end 8.7 -1.55) (layer F.CrtYd) (width 0.05))
    (fp_line (start -1.1 4.1) (end 8.7 4.1) (layer F.CrtYd) (width 0.05))
    (fp_line (start -1.1 -1.55) (end -1.1 4.1) (layer F.CrtYd) (width 0.05))
    (fp_line (start 6.46 -1.33) (end 4.81 -1.33) (layer F.SilkS) (width 0.12))
    (fp_line (start 6.46 3.87) (end 6.46 -1.33) (layer F.SilkS) (width 0.12))
    (fp_line (start 1.16 3.87) (end 6.46 3.87) (layer F.SilkS) (width 0.12))
    (fp_line (start 1.16 -1.33) (end 1.16 3.87) (layer F.SilkS) (width 0.12))
    (fp_line (start 2.81 -1.33) (end 1.16 -1.33) (layer F.SilkS) (width 0.12))
    (fp_line (start 0.635 -0.27) (end 1.635 -1.27) (layer F.Fab) (width 0.1))
    (fp_line (start 0.635 3.81) (end 0.635 -0.27) (layer F.Fab) (width 0.1))
    (fp_line (start 6.985 3.81) (end 0.635 3.81) (layer F.Fab) (width 0.1))
    (fp_line (start 6.985 -1.27) (end 6.985 3.81) (layer F.Fab) (width 0.1))
    (fp_line (start 1.635 -1.27) (end 6.985 -1.27) (layer F.Fab) (width 0.1))
    (fp_text user %R (at 3.81 1.27) (layer F.Fab)
      (effects (font (size 1 1) (thickness 0.15)))
    )
    (fp_arc (start 3.81 -1.33) (end 2.81 -1.33) (angle -180) (layer F.SilkS) (width 0.12))
    (pad 4 thru_hole oval (at 7.62 0 180) (size 1.6 1.6) (drill 0.8) (layers *.Cu *.Mask)
      (net 7 +3V3))
    (pad 2 thru_hole oval (at 0 2.54 180) (size 1.6 1.6) (drill 0.8) (layers *.Cu *.Mask)
      (net 26 "Net-(R14-Pad2)"))
    (pad 3 thru_hole oval (at 7.62 2.54 180) (size 1.6 1.6) (drill 0.8) (layers *.Cu *.Mask)
      (net 22 "Net-(R10-Pad1)"))
    (pad 1 thru_hole rect (at 0 0 180) (size 1.6 1.6) (drill 0.8) (layers *.Cu *.Mask)
      (net 10 /+24V_))
    (model ${KISYS3DMOD}/Package_DIP.3dshapes/DIP-4_W7.62mm.wrl
      (at (xyz 0 0 0))
      (scale (xyz 1 1 1))
      (rotate (xyz 0 0 0))
    )
  )

  (module Package_DIP:DIP-4_W7.62mm (layer F.Cu) (tedit 5A02E8C5) (tstamp 5F802B28)
    (at 86.7 107.82 180)
    (descr "4-lead though-hole mounted DIP package, row spacing 7.62 mm (300 mils)")
    (tags "THT DIP DIL PDIP 2.54mm 7.62mm 300mil")
    (path /5F812788)
    (fp_text reference U1 (at -1.27 -2.54) (layer F.SilkS)
      (effects (font (size 1 1) (thickness 0.15)))
    )
    (fp_text value FOD814A300W (at 3.81 4.87) (layer F.Fab)
      (effects (font (size 1 1) (thickness 0.15)))
    )
    (fp_line (start 8.7 -1.55) (end -1.1 -1.55) (layer F.CrtYd) (width 0.05))
    (fp_line (start 8.7 4.1) (end 8.7 -1.55) (layer F.CrtYd) (width 0.05))
    (fp_line (start -1.1 4.1) (end 8.7 4.1) (layer F.CrtYd) (width 0.05))
    (fp_line (start -1.1 -1.55) (end -1.1 4.1) (layer F.CrtYd) (width 0.05))
    (fp_line (start 6.46 -1.33) (end 4.81 -1.33) (layer F.SilkS) (width 0.12))
    (fp_line (start 6.46 3.87) (end 6.46 -1.33) (layer F.SilkS) (width 0.12))
    (fp_line (start 1.16 3.87) (end 6.46 3.87) (layer F.SilkS) (width 0.12))
    (fp_line (start 1.16 -1.33) (end 1.16 3.87) (layer F.SilkS) (width 0.12))
    (fp_line (start 2.81 -1.33) (end 1.16 -1.33) (layer F.SilkS) (width 0.12))
    (fp_line (start 0.635 -0.27) (end 1.635 -1.27) (layer F.Fab) (width 0.1))
    (fp_line (start 0.635 3.81) (end 0.635 -0.27) (layer F.Fab) (width 0.1))
    (fp_line (start 6.985 3.81) (end 0.635 3.81) (layer F.Fab) (width 0.1))
    (fp_line (start 6.985 -1.27) (end 6.985 3.81) (layer F.Fab) (width 0.1))
    (fp_line (start 1.635 -1.27) (end 6.985 -1.27) (layer F.Fab) (width 0.1))
    (fp_text user %R (at 3.81 1.27) (layer F.Fab)
      (effects (font (size 1 1) (thickness 0.15)))
    )
    (fp_arc (start 3.81 -1.33) (end 2.81 -1.33) (angle -180) (layer F.SilkS) (width 0.12))
    (pad 4 thru_hole oval (at 7.62 0 180) (size 1.6 1.6) (drill 0.8) (layers *.Cu *.Mask)
      (net 7 +3V3))
    (pad 2 thru_hole oval (at 0 2.54 180) (size 1.6 1.6) (drill 0.8) (layers *.Cu *.Mask)
      (net 25 "Net-(R13-Pad2)"))
    (pad 3 thru_hole oval (at 7.62 2.54 180) (size 1.6 1.6) (drill 0.8) (layers *.Cu *.Mask)
      (net 21 "Net-(R5-Pad1)"))
    (pad 1 thru_hole rect (at 0 0 180) (size 1.6 1.6) (drill 0.8) (layers *.Cu *.Mask)
      (net 10 /+24V_))
    (model ${KISYS3DMOD}/Package_DIP.3dshapes/DIP-4_W7.62mm.wrl
      (at (xyz 0 0 0))
      (scale (xyz 1 1 1))
      (rotate (xyz 0 0 0))
    )
  )

  (module Resistor_SMD:R_0603_1608Metric_Pad0.98x0.95mm_HandSolder (layer F.Cu) (tedit 5F68FEEE) (tstamp 5F802B00)
    (at 93.05 125.6 90)
    (descr "Resistor SMD 0603 (1608 Metric), square (rectangular) end terminal, IPC_7351 nominal with elongated pad for handsoldering. (Body size source: IPC-SM-782 page 72, https://www.pcb-3d.com/wordpress/wp-content/uploads/ipc-sm-782a_amendment_1_and_2.pdf), generated with kicad-footprint-generator")
    (tags "resistor handsolder")
    (path /5F8C102F)
    (attr smd)
    (fp_text reference R21 (at 0 2.54 180) (layer F.SilkS)
      (effects (font (size 1 1) (thickness 0.15)))
    )
    (fp_text value 4.7k (at 0 1.43 90) (layer F.Fab)
      (effects (font (size 1 1) (thickness 0.15)))
    )
    (fp_line (start 1.65 0.73) (end -1.65 0.73) (layer F.CrtYd) (width 0.05))
    (fp_line (start 1.65 -0.73) (end 1.65 0.73) (layer F.CrtYd) (width 0.05))
    (fp_line (start -1.65 -0.73) (end 1.65 -0.73) (layer F.CrtYd) (width 0.05))
    (fp_line (start -1.65 0.73) (end -1.65 -0.73) (layer F.CrtYd) (width 0.05))
    (fp_line (start -0.254724 0.5225) (end 0.254724 0.5225) (layer F.SilkS) (width 0.12))
    (fp_line (start -0.254724 -0.5225) (end 0.254724 -0.5225) (layer F.SilkS) (width 0.12))
    (fp_line (start 0.8 0.4125) (end -0.8 0.4125) (layer F.Fab) (width 0.1))
    (fp_line (start 0.8 -0.4125) (end 0.8 0.4125) (layer F.Fab) (width 0.1))
    (fp_line (start -0.8 -0.4125) (end 0.8 -0.4125) (layer F.Fab) (width 0.1))
    (fp_line (start -0.8 0.4125) (end -0.8 -0.4125) (layer F.Fab) (width 0.1))
    (fp_text user %R (at 0 0 90) (layer F.Fab)
      (effects (font (size 0.4 0.4) (thickness 0.06)))
    )
    (pad 2 smd roundrect (at 0.9125 0 90) (size 0.975 0.95) (layers F.Cu F.Paste F.Mask) (roundrect_rratio 0.25)
      (net 19 /IN4))
    (pad 1 smd roundrect (at -0.9125 0 90) (size 0.975 0.95) (layers F.Cu F.Paste F.Mask) (roundrect_rratio 0.25)
      (net 10 /+24V_))
    (model ${KISYS3DMOD}/Resistor_SMD.3dshapes/R_0603_1608Metric.wrl
      (at (xyz 0 0 0))
      (scale (xyz 1 1 1))
      (rotate (xyz 0 0 0))
    )
  )

  (module Resistor_SMD:R_0603_1608Metric_Pad0.98x0.95mm_HandSolder (layer F.Cu) (tedit 5F68FEEE) (tstamp 5F802AEF)
    (at 93.05 130.68 90)
